hub:
  world: world
  x: 8.489758855847457
  y: 18.0
  z: 8.49239375428382
  yaw: 0.00946044921875
  pitch: -1.4713653326034546
