hub:
  world: world
  x: 0.5086490199999929
  y: 1.0
  z: 0.5015974406334529
  yaw: -181.20474243164062
  pitch: 8.595548629760742
