homes:
- sepehr
- sponer
- farm
sepehr:
  world: wild
  x: -503.1776123573752
  y: 65.0
  z: 1440.0469260562027
  yaw: 156.7492
  pitch: 20.969662
sponer:
  world: wild
  x: -436.3096923790002
  y: -12.0
  z: 1473.3047022499309
  yaw: -31.56882
  pitch: 10.947566
farm:
  world: wild
  x: -500.2586704248098
  y: 70.0
  z: 1450.9424298282577
  yaw: 167.06038
  pitch: 49.83753
