homes:
- H1
- H2
- H3
- '...'
H1:
  world: wild
  x: 207.5407801535283
  y: 69.0
  z: 538.3757849635293
  yaw: -83.72844
  pitch: 31.088936
H2:
  world: wild
  x: 87.30000001192093
  y: 69.0
  z: 408.69999998807907
  yaw: 13.5481415
  pitch: 15.067423
H3:
  world: wild
  x: 232.266511442319
  y: 63.0
  z: 352.4972655082938
  yaw: -49.601532
  pitch: 16.551819
world: wild
x: 897.3000000119209
y: 19.0
z: -701.4424662722018
yaw: 60.853455
pitch: 61.484497
