homes:
- Home
- spawner
- spawner 2
Home:
  world: wild
  x: -29.320400842503766
  y: 63.0
  z: 926.110613520467
  yaw: 112.195786
  pitch: 27.599966
spawner:
  world: wild
  x: -182.45001660773556
  y: -5.0
  z: 909.4600879527878
  yaw: -168.53699
  pitch: 37.453026
spawner 2:
  world: wild
  x: -211.66670227048414
  y: -5.0
  z: 923.5186257982865
  yaw: -76.58826
  pitch: 50.55
