homes:
- ارمین کجایی
- ارمی تو سرو چرا نمیشه اسپانر خرید
- home
ارمین کجایی:
  world: wild
  x: 132.71546879298057
  y: 83.0
  z: 394.1863187235405
  yaw: -17.005493
  pitch: 14.44801
ارمی تو سرو چرا نمیشه اسپانر خرید:
  world: wild
  x: 149.55197704533393
  y: 94.0
  z: 418.34146317345494
  yaw: 154.91138
  pitch: 29.17439
home:
  world: wild
  x: 148.66591853241403
  y: 94.0
  z: 419.33907514811943
  yaw: 90.400085
  pitch: 34.089607
