spawns:
  default:
    world: 1d7c5450-3f86-4183-addb-e016859aaf84
    world-name: world
    x: 8.460085847969323
    y: 32.0
    z: 82.32723605479273
    yaw: 179.8716278076172
    pitch: -7.049972057342529
  kasrailoli:
    world: 2f990815-0a0b-4ae9-90c1-8c968e58bf6b
    world-name: world
    x: 92.38659330981386
    y: 64.0
    z: -109.96689520449146
    yaw: 8.001440048217773
    pitch: 44.400115966796875
